function xd = eom_4(t,x,u)

% States
alpha = x(1); % rad
V     = x(2); % m/s
q     = x(3); % rad/s
theta = x(4); % rad/s

% Control inputs
de = u(1); % stabilator in deg (+- 25)
CG = u(2); % centre of gravitiy position in %MAC
T  = u(3); % thrust in N
           
% Aircraft's physical parameters
S   = 27.87;             % wing area in m2 (300 ft2)
c   = 3.4503;            % mean aerodynamic chord in m (11.32 ft)
m   = 9300;              % mass in kg (20,500 lbs)
Iy  = 75674;             % kg/m2
g   = 9.81;              % m/s^2
rho = 0.458312441644953; % air density in kg/m^3 at 9,144 m (30,000 ft)

% Aerodynamic tables with linear interpolations
aero_AoA     = [-20, -15, -10, -5, 0, 5, 10, 15, 20, 25, 30, 35, 40, 45, 50, 55, 60, 70, 80, 90];
aero_CMDE0   = [0.0978 0.0719 0.0621 0.043 0.0054 -0.0023 -0.0006 0.0062 0.0114 0.0127 0.0001 0.0023 0.0006 0.0033 0.0177 0.055 0.074 0.084 0.11;0.056 0.0357 0.0264 0.0163 -0.024 -0.0372 -0.0472 -0.059 -0.0674 -0.0755 -0.0712 -0.06 -0.046 -0.0393 -0.0287 0.011 0.022 0.031 0.046;0.0342 0.0167 0.0194 -0.0089 -0.041 -0.051 -0.0608 -0.07 -0.0813 -0.1025 -0.0793 -0.0673 -0.0576 -0.05 -0.0424 -0.01 0.018 0.014 0.032;-0.024 -0.024 -0.039 -0.055 -0.0758 -0.0773 -0.0802 -0.0802 -0.0774 -0.0774 -0.0774 -0.0782 -0.0784 -0.0782 -0.077 -0.0572 -0.04 -0.0251 -0.026;-0.055 -0.046 -0.059 -0.064 -0.066 -0.066 -0.0639 -0.0615 -0.0605 -0.0598 -0.06 -0.0606 -0.0608 -0.0617 -0.0621 -0.0606 -0.0587 -0.0484 -0.0517;-0.046 -0.064 -0.055 -0.052 -0.0514 -0.0507 -0.0509 -0.0501 -0.0499 -0.0498 -0.05 -0.0518 -0.0526 -0.0532 -0.0537 -0.0545 -0.0564 -0.0619 -0.0651;-0.067 -0.062 -0.056 -0.053 -0.0495 -0.0484 -0.0467 -0.0457 -0.0444 -0.0437 -0.0448 -0.0458 -0.048 -0.049 -0.0498 -0.0534 -0.0555 -0.0619 -0.0658;-0.067 -0.077 -0.068 -0.059 -0.0536 -0.0514 -0.0489 -0.0456 -0.0419 -0.0407 -0.041 -0.0422 -0.0432 -0.0447 -0.0484 -0.0536 -0.0609 -0.0715 -0.0613;-0.057 -0.071 -0.062 -0.052 -0.0478 -0.0518 -0.0498 -0.0463 -0.0384 -0.0342 -0.0329 -0.0366 -0.0426 -0.0532 -0.0555 -0.062 -0.0705 -0.08 -0.066;-0.064 -0.088 -0.077 -0.067 -0.0548 -0.0539 -0.053 -0.052 -0.0499 -0.0507 -0.0501 -0.0506 -0.0526 -0.0539 -0.056 -0.0649 -0.0761 -0.0888 -0.0633;-0.045 -0.105 -0.092 -0.092 -0.0782 -0.0608 -0.0529 -0.05 -0.0471 -0.0459 -0.051 -0.052 -0.0542 -0.0612 -0.068 -0.0847 -0.0849 -0.0971 -0.0364;-0.022 -0.072 -0.092 -0.088 -0.0738 -0.0639 -0.0594 -0.0572 -0.0567 -0.0605 -0.0605 -0.0625 -0.0729 -0.0747 -0.0804 -0.093 -0.0974 -0.0775 -0.0279;0.045 0.005 -0.052 -0.061 -0.0662 -0.0729 -0.0739 -0.0789 -0.082 -0.0835 -0.0917 -0.0971 -0.1252 -0.1071 -0.1116 -0.1057 -0.0979 -0.0402 0.0022;-0.001 -0.052 -0.06 -0.092 -0.0927 -0.0861 -0.1056 -0.0966 -0.0862 -0.0923 -0.0975 -0.108 -0.1168 -0.1209 -0.1243 -0.1234 -0.0897 -0.082 -0.0294;-0.009 -0.013 -0.017 -0.035 -0.078 -0.0713 -0.0774 -0.089 -0.0913 -0.0826 -0.0898 -0.1112 -0.1201 -0.1277 -0.1222 -0.122 -0.0852 -0.0648 -0.0624;-0.051 -0.018 -0.065 -0.053 -0.0477 -0.052 -0.0583 -0.0663 -0.083 -0.0738 -0.0851 -0.1053 -0.105 -0.0988 -0.1 -0.1076 -0.1152 -0.0589 -0.1047;-0.183 -0.148 -0.173 -0.172 -0.1512 -0.1428 -0.1118 -0.1094 -0.1266 -0.1414 -0.1436 -0.1437 -0.1521 -0.1459 -0.153 -0.1709 -0.1741 -0.1475 -0.1841;-0.383 -0.398 -0.382 -0.387 -0.3869 -0.3637 -0.2706 -0.2967 -0.2944 -0.3216 -0.3252 -0.3199 -0.3123 -0.3385 -0.3487 -0.3486 -0.3445 -0.3593 -0.3444;-0.483 -0.518 -0.528 -0.506 -0.485 -0.4785 -0.4804 -0.4869 -0.4605 -0.4678 -0.4883 -0.462 -0.4744 -0.4792 -0.4821 -0.5022 -0.5242 -0.5145 -0.4788;-0.633 -0.63 -0.616 -0.616 -0.6067 -0.6366 -0.6053 -0.6281 -0.6217 -0.6184 -0.6163 -0.6022 -0.6073 -0.6281 -0.6115 -0.6209 -0.621 -0.6351 -0.6381];
aero_CMDE10  = [0.02 -0.0036 -0.0107 -0.0334 -0.0778 -0.0944 -0.0926 -0.0855 -0.0815 -0.0835 -0.0955 -0.093 -0.0943 -0.0881 -0.0743 -0.0265 -0.004 0.0034 0.0268;-0.0153 -0.0385 -0.0525 -0.0743 -0.1233 -0.1376 -0.1466 -0.1551 -0.1663 -0.1719 -0.1683 -0.1568 -0.1437 -0.1371 -0.1295 -0.0798 -0.0589 -0.0445 -0.0241;-0.0549 -0.0792 -0.0932 -0.1226 -0.1521 -0.1609 -0.1688 -0.1774 -0.188 -0.2153 -0.1839 -0.1738 -0.1648 -0.1594 -0.1525 -0.1225 -0.0931 -0.1276 -0.0548;-0.112 -0.124 -0.152 -0.168 -0.183 -0.188 -0.191 -0.192 -0.189 -0.1888 -0.19 -0.193 -0.193 -0.191 -0.183 -0.168 -0.152 -0.125 -0.112;-0.117 -0.127 -0.152 -0.159 -0.16 -0.16 -0.159 -0.157 -0.162 -0.161 -0.162 -0.163 -0.167 -0.162 -0.162 -0.162 -0.153 -0.126 -0.117;-0.105 -0.133 -0.144 -0.155 -0.155 -0.155 -0.155 -0.155 -0.158 -0.1606 -0.161 -0.162 -0.157 -0.157 -0.156 -0.156 -0.145 -0.133 -0.118;-0.097 -0.112 -0.122 -0.135 -0.142 -0.142 -0.151 -0.153 -0.157 -0.1548 -0.155 -0.152 -0.153 -0.145 -0.146 -0.14 -0.126 -0.117 -0.104;-0.097 -0.118 -0.133 -0.151 -0.152 -0.15 -0.155 -0.155 -0.152 -0.1452 -0.148 -0.155 -0.155 -0.157 -0.152 -0.151 -0.134 -0.118 -0.096;-0.062 -0.083 -0.097 -0.106 -0.134 -0.142 -0.138 -0.134 -0.13 -0.1264 -0.126 -0.126 -0.151 -0.161 -0.166 -0.137 -0.126 -0.115 -0.094;-0.075 -0.103 -0.113 -0.108 -0.137 -0.144 -0.153 -0.154 -0.154 -0.153 -0.155 -0.15 -0.15 -0.16 -0.164 -0.133 -0.138 -0.129 -0.099;-0.088 -0.168 -0.165 -0.172 -0.171 -0.155 -0.15 -0.147 -0.144 -0.144 -0.145 -0.146 -0.153 -0.157 -0.156 -0.159 -0.152 -0.155 -0.075;-0.105 -0.1611 -0.1862 -0.2095 -0.1951 -0.176 -0.1514 -0.1444 -0.1427 -0.1411 -0.145 -0.1513 -0.1565 -0.1627 -0.1705 -0.1836 -0.1611 -0.1363 -0.0815;-0.0438 -0.1079 -0.1281 -0.1485 -0.1405 -0.1272 -0.1301 -0.1367 -0.1555 -0.145 -0.1543 -0.1595 -0.1527 -0.1644 -0.1682 -0.1791 -0.1553 -0.1362 -0.0744;-0.1448 -0.0931 -0.1319 -0.1793 -0.1518 -0.1264 -0.1053 -0.1575 -0.1807 -0.1411 -0.1635 -0.1655 -0.1635 -0.1815 -0.1872 -0.2206 -0.1644 -0.132 -0.1935;-0.153 -0.133 -0.128 -0.147 -0.1077 -0.103 -0.1111 -0.1154 -0.1161 -0.1008 -0.106 -0.1254 -0.1273 -0.1228 -0.1052 -0.1442 -0.1253 -0.1286 -0.1498;-0.076 -0.063 -0.152 -0.057 -0.0075 -0.046 -0.0865 -0.0614 -0.0976 -0.0679 -0.0922 -0.1253 -0.1221 -0.0972 -0.0797 -0.1301 -0.2255 -0.1358 -0.1481;-0.171 -0.12 -0.135 -0.14 -0.1588 -0.1634 -0.1455 -0.1444 -0.1512 -0.1556 -0.1653 -0.1719 -0.1866 -0.1859 -0.1985 -0.1808 -0.1758 -0.1621 -0.2116;-0.4001 -0.4044 -0.3789 -0.405 -0.3419 -0.3364 -0.261 -0.2714 -0.2201 -0.1983 -0.2363 -0.2655 -0.2695 -0.2844 -0.2833 -0.3734 -0.3473 -0.3728 -0.3685;-0.5082 -0.5338 -0.5333 -0.5253 -0.4877 -0.4848 -0.4902 -0.497 -0.4677 -0.4721 -0.4929 -0.4669 -0.4776 -0.4787 -0.4779 -0.5155 -0.5235 -0.524 -0.4984;-0.6368 -0.6326 -0.6174 -0.6217 -0.5909 -0.6214 -0.5906 -0.6146 -0.6099 -0.6083 -0.608 -0.5958 -0.5979 -0.6109 -0.5865 -0.6173 -0.613 -0.6282 -0.6324];
