function xd = eom_8(t,x,u)

% States
alpha = x(1); % rad
beta  = x(2); % rad
V     = x(3); % m/s   
p     = x(4); % rad/s
q     = x(5); % rad/s
r     = x(6); % rad/s
phi   = x(7); % rad
theta = x(8); % rad

% Control inputs
da = u(1); % deg
de = u(2); % deg
dr = u(3); % deg
CG = u(4); % %MAC
T  = u(5); % N

% Aircraft's physical parameters
S   = 27.87;             % wing area in m2 (300 ft2)
c   = 3.4503;            % mean aerodynamic chord in m (11.32 feet)
b   = 9.144;             % wingspan in m (30 feet)
m   = 9300;              % mass in kg (20,500 lbs)
Ix  = 12875;             % kg/m2
Iy  = 75674;             % kg/m2
Iz  = 85552;             % kg/m2
g   = 9.81;              % m/s2
rho = 0.458312441644953; % air density in kg/m^3 at 9,144 m (30,000 ft)

%% Aerodynamic tables with linear interpolations
Aero_AoA     = [-20,-15,-10,-5,0,5,10,15,20,25,30,35,40,45,50,55,60,70,80,90];
Aero_Beta    = [-30,-25,-20,-15,-10,-8,-6,-4,-2,0,2,4,6,8,10,15,20,25,30];
Aero_CLDE0   = [-0.0153,-0.00280,0.00910,0.0188,0.0234,0.0173,0.0106,0.009,0.00410,0,-0.00310,-0.00640,-0.00840,-0.0128,-0.0171,-0.0120,-0.00220,0.00970,0.0225;-0.0132,-0.00280,0.00770,0.0145,0.0104,0.00840,0.006,0.00390,0.00250,0,-0.00290,-0.005,-0.008,-0.00860,-0.0116,-0.0160,-0.009,0.00150,0.0119;-0.0102,-0.00130,0.00940,0.0134,0.0107,0.0102,0.00810,0.006,0.00110,0,-0.0004,-0.00480,-0.00710,-0.00910,-0.0102,-0.0135,-0.00940,0.00130,0.0108;0.00870,0.0153,0.0186,0.0194,0.0183,0.0156,0.0125,0.00880,0.00430,0,-0.00380,-0.00870,-0.0126,-0.0158,-0.0186,-0.0199,-0.0189,-0.0157,-0.00950;0.0157,0.0190,0.0199,0.0207,0.0185,0.0153,0.0110,0.00710,0.00330,0,-0.003,-0.00670,-0.0107,-0.0147,-0.0182,-0.0204,-0.0196,-0.0187,-0.0154;0.0318,0.0307,0.0296,0.0272,0.0219,0.0180,0.0132,0.00890,0.00430,0,-0.00370,-0.00810,-0.0126,-0.0173,-0.0209,-0.0263,-0.0288,-0.0299,-0.0310;0.0510,0.0510,0.0496,0.0422,0.0328,0.0271,0.0207,0.0139,0.00560,0,-0.00650,-0.0137,-0.0207,-0.0266,-0.0322,-0.0418,-0.0486,-0.0501,-0.0501;0.0732,0.0679,0.0638,0.0574,0.0433,0.0357,0.0274,0.0187,0.009,0,-0.00880,-0.0188,-0.0284,-0.0369,-0.0430,-0.0567,-0.0624,-0.0663,-0.0714;0.0895,0.0815,0.0692,0.0579,0.0453,0.0354,0.0270,0.0171,0.00760,0,-0.00850,-0.0177,-0.0271,-0.0365,-0.0440,-0.0569,-0.0682,-0.0804,-0.0884;0.0884,0.0785,0.0665,0.0536,0.04,0.0326,0.0254,0.0181,0.00810,0,-0.00820,-0.0165,-0.0258,-0.0330,-0.0403,-0.0538,-0.0669,-0.0788,-0.0882;0.0820,0.0505,0.0234,0.0143,0.00640,0.0189,0.0196,0.0133,0.00710,0,-0.00570,-0.0118,-0.0165,-0.0205,-0.0248,-0.0327,-0.0418,-0.0687,-0.1003;0.0790,0.0610,0.0390,0.00950,0.00370,0.00290,0.0150,0.0143,0.00970,0,0.00160,0.0003,-0.00180,-0.00170,0.00110,-0.00340,-0.0326,-0.0547,-0.0726;0.0721,0.0573,0.0302,0.00870,0.005,0.0104,0.0174,0.0124,0.00620,0,-0.00750,-0.0108,-0.0131,-0.0145,-0.0148,-0.0185,-0.0399,-0.0671,-0.0815;0.0744,0.0576,0.0331,0.0248,0.0170,0.0179,0.0163,0.0191,0.0115,0,-0.00420,-0.0108,-0.0148,-0.0156,-0.0206,-0.0285,-0.0364,-0.0608,-0.0778;0.0534,0.0411,0.0262,0.0238,0.0147,0.0144,0.0130,0.00910,0.00560,0,-0.00510,-0.0123,-0.0152,-0.0212,-0.0222,-0.0313,-0.0337,-0.0486,-0.0609;0.0587,0.0422,0.0320,0.0261,0.0176,0.0151,0.0117,0.00650,0.00450,0,-0.004,-0.00810,-0.0133,-0.0187,-0.0201,-0.0286,-0.0346,-0.0448,-0.0613;0.0650,0.0481,0.0387,0.0301,0.0229,0.0192,0.0155,0.00940,0.00630,0,-0.00290,-0.00550,-0.0111,-0.0163,-0.0188,-0.0260,-0.0346,-0.0440,-0.0609;0.0663,0.0538,0.0422,0.0307,0.0245,0.0220,0.0160,0.0128,0.00730,0,-0.005,-0.00690,-0.0120,-0.0165,-0.0220,-0.0282,-0.0397,-0.0513,-0.0638;0.0683,0.0554,0.0430,0.0325,0.0208,0.0149,0.0126,0.00360,0.00450,0,-0.00450,-0.00860,-0.0134,-0.0159,-0.0186,-0.0303,-0.0408,-0.0532,-0.0661;0.0701,0.0534,0.0410,0.0293,0.0205,0.0188,0.0163,0.0110,0.00660,0,0,-0.0001,-0.00670,-0.0124,-0.0154,-0.0242,-0.0359,-0.0483,-0.0650];
Aero_CLDE25  = [-0.0138,-0.0009,0.0106,0.0227,0.0248,0.0145,0.0112,0.005,0.00310,0,-0.00330,-0.00810,-0.00770,-0.0160,-0.0186,-0.0167,-0.00440,0.00740,-0.0256;-0.00610,0.00330,0.0140,0.0209,0.0157,0.0105,0.00660,0.006,0.00270,0,-0.00240,-0.00490,-0.00750,-0.009,-0.0134,-0.0193,-0.0123,-0.00170,0.00810;0,0.00740,0.0131,0.0151,0.0139,0.0108,0.00880,0.00340,0.0008,0,-0.0006,-0.00510,-0.00760,-0.00960,-0.0130,-0.0140,-0.0123,-0.00650,0.000800;0.0171,0.0196,0.0186,0.0204,0.0181,0.0142,0.0111,0.00810,0.00390,0,-0.00350,-0.00710,-0.0109,-0.0141,-0.0175,-0.0203,-0.0184,-0.0194,-0.0174;0.0267,0.0261,0.0245,0.0215,0.0188,0.0147,0.0105,0.00580,0.00260,0,-0.00290,-0.00650,-0.0108,-0.0152,-0.0188,-0.0215,-0.0247,-0.0263,-0.0269;0.0427,0.0376,0.0355,0.0285,0.0220,0.0180,0.0138,0.00990,0.00650,0,-0.00610,-0.0111,-0.0143,-0.0186,-0.0228,-0.0293,-0.0358,-0.0378,-0.0425;0.0622,0.0596,0.0551,0.0454,0.0331,0.0266,0.0208,0.0146,0.00740,0,-0.00670,-0.0158,-0.0221,-0.0271,-0.0332,-0.0441,-0.0534,-0.0573,-0.0597;0.0776,0.0696,0.0623,0.0544,0.0435,0.0372,0.0303,0.0213,0.0112,0,-0.0110,-0.0219,-0.0303,-0.0379,-0.0454,-0.0560,-0.0637,-0.0708,-0.0783;0.0830,0.0794,0.0694,0.0558,0.0427,0.0332,0.0243,0.0172,0.00790,0,-0.0102,-0.0202,-0.0215,-0.0294,-0.0394,-0.0520,-0.0653,-0.0753,-0.0784;0.0892,0.0760,0.0635,0.0524,0.0306,0.0214,0.0174,0.0136,0.00610,0,-0.00770,-0.0142,-0.0202,-0.0221,-0.0277,-0.0493,-0.0605,-0.0732,-0.0864;0.0791,0.0452,0.0194,0.00410,-0.00460,0.0112,0.0109,0.00610,0.00310,0,-0.00380,-0.00720,-0.0107,-0.0128,-0.0156,-0.0241,-0.0391,-0.0649,-0.0989;0.0751,0.0563,0.0348,0.00710,-0.003,-0.00770,-0.0002,0.00850,0.00160,0,-0.0004,-0.0006,0.0005,0.00290,0.00860,-0.00130,-0.0291,-0.0503,-0.0691;0.0673,0.0583,0.0297,0.005,-0.0002,0.00310,0.0106,0.00530,0.00550,0,-0.00540,-0.00770,-0.00990,-0.00580,-0.00680,-0.0120,-0.0367,-0.0654,-0.0741;0.0778,0.0625,0.0411,0.0326,0.0187,0.0163,0.0141,0.0165,0.0115,0,-0.00210,-0.00790,-0.0105,-0.0134,-0.0149,-0.0288,-0.0375,-0.0588,-0.0738;0.0619,0.0519,0.0393,0.0326,0.0192,0.0177,0.0151,0.0103,0.00620,0,-0.00470,-0.0115,-0.0151,-0.0230,-0.0258,-0.0392,-0.0459,-0.0585,-0.0685;0.0476,0.0336,0.0258,0.0149,0.00160,0.00450,0.00660,0.00460,0.00350,0,-0.00780,-0.0157,-0.0215,-0.0244,-0.0232,-0.0365,-0.0474,-0.0552,-0.0692;0.0611,0.0428,0.0321,0.0263,0.0219,0.0165,0.0161,0.0102,0.00710,0,-0.00420,-0.00810,-0.0142,-0.0190,-0.0211,-0.0255,-0.0313,-0.0420,-0.0603;0.0654,0.0502,0.0358,0.0224,0.0185,0.0175,0.0130,0.0112,0.00640,0,-0.00640,-0.00970,-0.0146,-0.0181,-0.0209,-0.0290,-0.0424,-0.0568,-0.0720;0.0638,0.0506,0.0380,0.0287,0.0179,0.0138,0.0134,0.005,0.00520,0,-0.00280,-0.00520,-0.0101,-0.0147,-0.0194,-0.0302,-0.0395,-0.0521,-0.0653;0.0607,0.0486,0.0407,0.0305,0.0211,0.0180,0.0165,0.0116,0.007,0,-0.0008,-0.00170,-0.0198,-0.0130,-0.0150,-0.0244,-0.0346,-0.0425,-0.0546];
